
1 EBL 27 27.1 26.9 27 27.1 -0.1 677 126.8480 4,698,183 
2 BEACHHATCH 88.2 97 87.1 88.2 96.7 -8.5 2,534 104.2810 1,129,981 
3 MIDLANDBNK 19.4 19.4 17.8 19.4 17.7 1.7 2,309 100.5660 5,358,344 
4 SPCERAMICS 24.6 24.6 21.6 24.6 22.4 2.2 3,445 99.2520 4,238,054 
5 BSC 92.7 94.6 92.1 92.7 93.3 -0.6 2,302 74.8900 803,496 
6 BXPHARMA 97.4 98.3 94.3 97.4 95.2 2.2 2,101 71.0970 737,109 
7 DGIC 29.7 33.7 29.4 29.7 31.6 -1.9 2,170 66.9980 2,169,071 
8 EASTRNLUB 2 2,600 2,460.1 2,534.8 2 95.6 2,128 65.3790 26,020 
9 APEXFOOT 236.5 238.7 225.3 236.5 225.2 11.3 2,567 64.6460 277,223 
10 ORIONINFU 389.6 391.8 387.3 389.6 387.6 2 1,500 62.2730 159,894 
11 INTRACO 23.9 24.1 22.9 23.9 23.1 0.8 1,240 56.8490 2,413,205 
12 SPCL 37.8 39 36.5 37.5 38.3 -0.5 1,517 55.7760 1,481,619 
13 FINEFOODS 188.6 193 186 188.6 190.1 -1.5 1,022 47.8170 251,676 
14 SALAMCRST 24.2 24.2 21.8 24.2 22 2.2 1,582 46.9260 1,998,167 
15 ABB1STMF 5 5.4 5 5 5.1 -0.1 516 43.1040 8,331,807 
16 UNIONINS 30.5 32.1 29.6 30.5 29.3 1.2 1,404 42.0060 1,342,181 
17 ACI 192.7 200 184.2 192.7 194.6 -1.9 1,434 41.5360 217,114 
18 CVOPRL 153.5 155.6 152.6 153.5 152.6 0.9 1,468 41.2330 267,085 
19 NRBBANK 13.4 13.6 13.2 13.4 13.4 0 436 34.0080 2,531,410 
20 RENATA 497.4 505.7 496.6 497.4 499.9 -2.5 530 33.4380 67,173 
21 KBPPWBIL 127.9 134.9 126 127.9 134.7 -6.8 1,414 31.2510 241,267 
22 LOVELLO 80.6 81.4 80.5 80.6 80.8 -0.2 793 31.1050 385,285 
23 AIL 44 45.3 43.8 44 45.1 -1.1 1,542 30.7820 695,346 
24 SQURPHARMA 214.4 216 214 214.4 215.3 -0.9 1,059 28.6650 133,498 
25 MAGURAPLEX 71.2 76.5 70.9 71.2 76.4 -5.2 1,693 28.6220 394,048 
26 SUNLIFEINS 66.9 68.9 66.6 66.9 67.7 -0.8 359 27.2670 402,556 
27 BPML 37.2 38.5 35.5 37.2 35.9 1.3 1,358 27.0670 728,103 
28 KARNAPHULI 28.6 29.7 28.4 28.6 28.8 -0.2 1,002 24.3230 835,005 
29 GLOBALINS 29.3 30.4 29.2 29.3 29.3 0 749 23.9230 801,577 
30 LHB 44.2 45 44 44.2 45 -0.8 970 23.6160 531,060 
31 BATBC 324.1 324.9 322.3 324.1 323.3 0.8 760 22.4960 69,544 
32 NAVANAPHAR 53.7 55.5 53.4 53.7 55.4 -1.7 1,105 21.2340 390,197 
33 PARAMOUNT 39.5 41 38.7 39.5 38.7 0.8 632 21.2020 533,271 
34 KPCL 14.1 14.1 13.2 13.9 12.9 1.2 931 20.0120 1,424,654 
35 PREMIERCEM 59.6 60.5 57 59.6 60 -0.4 358 19.8320 333,602 
36 MIRAKHTER 30 31 29.9 30 30.9 -0.9 916 19.7320 655,069 
37 MALEKSPIN 25.7 26.2 25.6 25.7 26 -0.3 420 19.5770 757,846 
38 SONARGAON 34.9 36.1 32.9 34.9 32.9 2 957 18.0980 524,816 
39 NTLTUBES 81.3 83.2 80.7 81.3 82 -0.7 804 17.7170 216,212 
40 FUWANGFOOD 14.6 14.7 14.2 14.6 14.6 0 670 16.7390 1,155,835 
41 RELIANCE1 20.9 21.2 20 20.9 20 0.9 407 16.5280 793,951 
42 ROBI 25.5 26 25.5 25.5 25.7 -0.2 631 16.1500 631,204 
43 LANKABAFIN 16.9 17.2 16.8 16.9 17.1 -0.2 540 15.9740 943,613 
44 OLYMPIC 152 156 151 152 155.5 -3.5 636 15.9240 103,864 
45 CONTININS 27.2 28.3 27 27.2 27.4 -0.2 691 15.6860 564,817 
46 HEIDELBCEM 247.9 265 246.1 247.9 264.2 -16.3 858 15.2140 60,280 
47 AGNISYSL 27 27.1 26.7 27 26.9 0.1 428 15.1280 561,760 
48 ICICL 22.3 23.2 21.8 22.3 21.5 0.8 824 15.0920 670,607 
49 GPHISPAT 20.9 21.3 20.9 20.9 21.2 -0.3 501 15.0060 712,376 
50 SHAHJABANK 18.4 18.6 18.3 18.4 18.4 0 100 14.3920 781,947 
51 BRACBANK 49.7 50.3 49.4 49.7 49.7 0 330 14.2800 287,910 
52 GP 321.1 321.8 319 321.1 319.9 1.2 456 14.1140 44,067 
53 HAKKANIPUL 59.6 61.5 59.3 59.6 60.4 -0.8 846 14.0030 231,809 
54 BDCOM 24.4 24.9 24.3 24.4 24.8 -0.4 439 13.8830 565,651 
55 SICL 25.4 26.2 25.2 25.4 25 0.4 776 13.8600 541,206 
56 SONALIPAPR 152.4 155.8 151 152.4 154.1 -1.7 742 13.5980 89,156 
57 HRTEX 31.4 32.5 30.7 31.4 31.2 0.2 672 13.5680 431,036 
58 NATLIFEINS 91 91.5 88.9 91 89.4 1.6 444 13.5640 150,698 
59 CRYSTALINS 44.3 45 43.8 44.3 43.6 0.7 599 13.4510 302,158 
60 BESTHLDNG 17.1 17.4 17 17.1 17.3 -0.2 531 13.4510 784,622 
61 SEAPEARL 37 39 36.1 37 37.7 -0.7 558 12.8410 346,711 
62 MEGHNALIFE 51 52 50.8 51 51.6 -0.6 682 12.7710 249,112 
63 ADNTEL 82.5 83.7 82 82.5 83.3 -0.8 506 12.6880 153,241 
64 IDLC 31.1 32.5 30.6 31.1 30.5 0.6 599 12.3440 397,745 
65 KPPL 24.6 25.4 24.3 24.6 24.2 0.4 776 12.3210 496,744 
66 CENTRALPHL 11.1 11.2 10.4 11.1 10.4 0.7 853 12.3150 1,132,417 
67 SAMORITA 61.2 61.8 60.8 61.2 61.1 0.1 702 11.7190 191,673 
68 LINDEBD 900.1 916.9 899.5 900.1 905.4 -5.3 846 11.6890 12,967 
69 AL-HAJTEX 127.3 132.9 124.7 127.3 129 -1.7 419 11.6040 89,990 
70 PROVATIINS 32.1 33.3 31.4 32.1 30.9 1.2 561 10.8610 333,235 
71 MTB 11.8 11.9 11.6 11.6 11.7 0.1 232 10.7680 926,176 
72 BNICL 41.1 41.5 40 41.1 39.8 1.3 637 10.7110 262,800 
73 JAMUNABANK 19.5 19.6 19.2 19.5 19.3 0.2 253 10.6060 546,220 
74 TECHNODRUG 29.3 30.6 29.2 29.5 30.2 -0.9 565 10.5310 353,406 
75 EHL 73.5 75.4 73.3 73.5 74.9 -1.4 446 10.4460 141,432 
76 ONEBANKPLC 8 8.3 7.9 8 8.2 -0.2 229 10.4190 1,295,004 
77 ORIONPHARM 30.1 31 30 30.1 30.8 -0.7 439 10.2110 337,251 
78 FUWANGCER 13.1 13.4 13 13.1 13.2 -0.1 486 10.0220 761,798 
79 ECABLES 118.6 127.4 115.6 118.6 124 -5.4 548 9.9290 81,742 
80 FEKDIL 15.7 16 15.6 15.7 15.9 -0.2 411 9.7150 617,756 
81 SEMLLECMF 9 9.1 8.8 9 8.8 0.2 159 9.4830 1,053,249 
82 EPGL 19.4 20 19.2 19.4 19.7 -0.3 490 9.2670 474,810 
83 SALVOCHEM 22 22.7 21.8 22 22.4 -0.4 430 9.2210 416,956 
84 ACMEPL 13.6 13.9 13.5 13.6 13.7 -0.1 335 8.9530 658,693 
85 IBNSINA 291.9 296 290 291.9 293 -1.1 252 8.7400 29,953 
86 SIPLC 44.2 44.2 44.2 44.2 40.2 4 166 8.7250 197,388 
87 POPULARLIF 49.8 50.7 49.3 49.8 49.6 0.2 294 8.6440 173,164 
88 CONFIDCEM 51.8 52.5 51 51.3 51.8 0 430 8.4990 165,711 
89 RDFOOD 21.6 22.3 21.5 21.6 22.2 -0.6 452 8.4910 389,125 
90 HAMI 125.5 126.7 119 125.5 128.4 -2.9 628 8.4820 69,356 
91 KDSALTD 41.9 44 41.8 41.9 43.6 -1.7 348 8.4410 199,013 
92 IFIC 6.7 6.9 6.7 6.7 6.8 -0.1 195 8.3380 1,230,134 
93 BDFINANCE 9.2 10 8.5 9.2 10 -0.8 568 8.2020 909,484 
94 KOHINOOR 505.2 511.1 500 505.2 511.3 -6.1 493 8.1610 16,105 
95 ANWARGALV 69.1 71.1 68.9 69.1 70.8 -1.7 667 8.0640 116,108 
96 SHARPIND 18.6 18.8 17.8 18.6 17.9 0.7 403 7.9820 433,420 
97 BDTHAI 13.4 13.7 13.3 13.4 13.5 -0.1 323 7.9630 591,540 
98 KTL 10.8 11.5 10.7 10.8 11.3 -0.5 393 7.9580 724,414 
99 SONALIANSH 181.2 184.3 180.2 181.2 182.5 -1.3 668 7.8500 43,261 
100 MONNOFABR 14.1 14.6 14 14.1 14.5 -0.4 313 7.8310 551,698 
101 KAY&QUE 205.2 209 203.6 205.2 210.2 -5 490 7.6820 37,417 
102 ITC 37.3 37.9 37.1 37.2 37.6 -0.3 227 7.6460 204,845 
103 PADMAOIL 180.5 181.9 180 180.5 180.5 0 275 7.5890 42,001 
104 UNIQUEHRL 40.1 41.2 40 40.1 40.9 -0.8 422 7.3610 182,566 
105 MONOSPOOL 89.5 95 88.7 89.5 93.7 -4.2 566 7.0390 77,701 
106 IFADAUTOS 24.1 24.8 23.9 24.1 24.6 -0.5 795 6.9210 287,097 
107 CLICL 49.9 50.8 49.2 49.9 50.2 -0.3 324 6.8410 137,753 
108 MONNOAGML 320.6 330.3 320 320.6 329.7 -9.1 557 6.8270 21,139 
109 STANDARINS 37.3 38.5 37 37.3 37.5 -0.2 374 6.7940 180,001 
110 OIMEX 27 27.3 26.6 27 26.7 0.3 300 6.7690 252,192 
111 MEGHNAINS 25.6 26.8 25.3 25.6 25.3 0.3 441 6.7190 259,626 
112 ACMELAB 73.1 73.7 73 73.1 73.4 -0.3 352 6.6860 91,310 
113 JHRML 49.2 50.4 49.1 49.2 49.7 -0.5 455 6.4950 130,930 
114 RUNNERAUTO 28.1 28.3 27.8 28 28 0.1 248 6.4010 228,152 
115 AMBEEPHA 780 808 763.8 772.1 809.7 -29.7 488 6.3320 8,058 
116 EIL 53 53.5 51.5 52.7 52.3 0.7 246 6.3130 120,300 
117 ISLAMIBANK 40.1 41.2 40 40.1 40.8 -0.7 1,073 6.2380 154,165 
118 MONNOCERA 83.5 84.7 82.6 83.5 83.5 0 311 6.2100 74,204 
119 GOLDENSON 12.6 12.9 12.5 12.6 12.9 -0.3 288 6.1790 487,444 
120 ETL 9 9.3 9 9 9.2 -0.2 353 6.0640 666,682 
121 DESHBANDHU 18.3 19.2 18.2 18.3 19 -0.7 407 6.0630 326,392 
122 RUPALILIFE 85.1 87.2 84.7 85.1 86.9 -1.8 366 6.0460 70,734 
123 ASIATICLAB 32.1 33.4 31.9 32.1 33.3 -1.2 468 6.0160 185,057 
124 PIONEERINS 41.5 41.7 41 41.5 40.9 0.6 325 5.9900 144,759 
125 1STPRIMFMF 18.6 19.2 18.5 18.6 19 -0.4 393 5.9540 316,412 
126 CENTRALINS 33.6 35 32.6 33.6 32.5 1.1 386 5.8910 173,156 
127 DOREENPWR 22.5 23.2 22.2 22.5 23.1 -0.6 364 5.7730 254,937 
128 UCB 10.9 11.1 10.7 10.9 10.7 0.2 274 5.7270 522,739 
129 LIBRAINFU 779.8 804 775.1 779.8 794.7 -14.9 508 5.6840 7,234 
130 PHARMAID 546.5 555.1 545 546.5 554.6 -8.1 308 5.6360 10,273 
131 IPDC 16.6 17 16.5 16.6 16.7 -0.1 311 5.5810 334,938 
132 EASTLAND 19.2 19.5 18.9 19.2 18.9 0.3 371 5.4620 284,493 
133 ASIAPACINS 32.4 32.8 31.3 32.4 31.4 1 285 5.3710 166,771 
134 JANATAINS 26.2